-0.31031 -0.101992
0.243512 0.0603899
0.309567 0.0117126
-0.0739492 0.152999
-0.205974 -0.0853554
0.0148929 0.289785
0.0442728 -0.40637
-0.0677405 0.344927
0.272846 -0.308141
0.280367 -0.318657
0.0791415 -0.185869
-0.336078 -0.165152
-0.4627 -0.0325852
0.174113 -0.433297
-0.110218 -0.334601
0.172653 0.0877059
-0.244986 0.0930454
-0.22828 -0.229519
-0.40407 0.132556
-0.034503 -0.27746
0.0714842 0.104569
0.198002 0.164686
-0.326348 0.251495
0.324917 0.253096
-0.180951 0.0325512
-0.352446 0.292628
-0.490592 0.0100529
-0.204406 0.0599189
0.00417251 -0.189984
-0.0514364 -0.196486
-0.260197 -0.395301
0.0347969 0.021407
-0.170021 -0.182362
0.072538 -0.439155
-0.274175 -0.0936305
0.119046 0.254556
-0.324008 0.0667828
-0.171818 -0.105431
-0.035448 -0.316732
-0.2425 0.110549
-0.303496 -0.358707
0.169344 0.301833
-0.344104 -0.028572
0.198761 0.347351
-0.491853 -0.060347
-0.110387 -0.364343
-0.250769 -0.0386082
0.198389 -0.293143
-0.317738 -0.105607
-0.357538 0.215652
-0.0268804 -0.13828
-0.257403 0.15428
0.4402 0.096257
0.403858 -0.168468
-0.195957 0.175398
-0.0502154 -0.0909676
0.118305 0.244505
-0.452655 0.176037
-0.481802 0.0346748
0.438174 -0.121956
-0.00768945 0.175751
0.284188 0.393682
0.227119 -0.178486
-0.354763 -0.262817
-0.288077 -0.284497
0.0781767 0.252816
0.290235 -0.366562
-0.119545 -0.12645
-0.195478 0.144799
0.322678 0.282788
0.0243809 -0.29084
0.134027 0.139567
0.238946 0.180354
-0.237148 0.363901
0.144201 0.124378
0.126034 0.0895665
0.466505 0.115464
-0.03172 0.121017
-0.341206 -0.357504
-0.0457846 -0.174252
0.0143593 -0.36635
-0.0942613 -0.29903
-0.143827 0.23465
0.125217 -0.143212
-0.382887 0.160441
0.352671 -0.326831
-0.320185 0.133661
-0.0197596 -0.0687035
-0.417955 0.108019
0.15124 0.35408
-0.22331 0.150933
-0.385857 0.232253
0.238761 -0.00176653
0.188348 0.230259
0.305097 0.366969
-0.0796666 -0.0194022
0.271371 -0.283122
0.0932051 -0.414489
-0.334322 -0.210234
0.339067 0.331568
-0.316106 0.15713
-0.277802 -0.110641
0.200861 -0.445343
0.360483 0.175776
-0.454045 0.163368
0.440818 -0.193364
0.433384 -0.125538
-0.351199 -0.256672
-0.106554 -0.343561
-0.115708 0.4753
0.326041 -0.180884
-0.315161 -0.0278824
0.343494 -0.155671
0.165252 -0.0655934
-0.10668 0.262639
0.0165766 0.463232
-0.306221 -0.170457
0.0406716 0.399801
-0.298438 -0.0210022
0.303223 0.32358
-0.210761 0.446806
-0.36194 0.217166
0.266961 -0.280175
0.388836 0.151704
-0.0144378 0.068964
-0.35357 0.238897
0.391826 -0.116087
0.330802 0.265449
-0.0294825 0.423535
-0.0954734 0.392015
0.108089 -0.200357
-0.0876396 0.212823
0.107795 -0.0202914
-0.196758 -0.338953
-0.0418578 -0.22085
0.36452 -0.0605924
0.227976 0.327775
0.0736546 -0.336722
-0.0946959 -0.264305
-0.0147538 0.137483
0.219688 0.0340066
-0.408784 0.132732
0.155232 -0.418635
-0.346273 0.117354
0.0354778 -0.266393
-0.0693218 -0.206393
0.432374 0.129655
0.0276278 0.202241
-0.00566949 0.419976
0.052269 0.157861
0.403466 0.265855
0.479569 0.000738292
-0.0603402 0.37727
0.0582823 -0.300159
0.0465036 0.156868
-0.304297 -0.199033
0.0186147 0.217647
-0.120632 0.115479
-0.214361 0.247458
0.0119474 0.0767511
0.269641 0.213023
-0.0197108 -0.235921
-0.237568 0.134632
0.438381 0.0403315
0.141024 -0.112093
0.41378 -0.149447
0.14879 0.190569
0.46262 0.183256
-0.395616 -0.0903585
0.0481153 0.350982
0.288809 0.0368979
-0.187149 -0.122741
-0.0432244 0.438507
-0.0966575 -0.153496
-0.257389 0.26445
0.217889 0.0166053
-0.257978 0.252667
0.148536 0.0884933
-0.220334 -0.059263
0.363561 0.268427
-0.228744 -0.440889
-0.283389 0.207951
-0.206714 -0.0469625
-0.24829 -0.21033
0.22755 -0.122709
-0.391082 0.0974695
0.0376633 0.170127
-0.0341347 -0.150737
0.126122 0.277133
-0.226377 0.373216
0.280272 0.0383136
0.451297 -0.028972
0.116622 0.382469
-0.0224453 -0.440177
-0.318094 -0.300146
0.307205 -0.224643
0.25389 0.178208
-0.396189 -0.139296
0.00280871 0.194652
-0.261933 -0.0754012
-0.322322 0.198122
0.368365 -0.328434
-0.356296 0.095552
0.320108 -0.14902
0.126634 0.32149
-0.00261716 -0.331405
-0.345122 0.340426
-0.233914 -0.0564491
0.195623 0.312974
-0.360041 -0.253173
-0.312818 -0.0188191
-0.218148 0.162019
0.390016 -0.154846
-0.259928 0.405018
0.212817 0.128033
0.0962283 -0.0236466
0.0245373 -0.118931
-0.424962 -0.189707
0.425825 -0.185735
0.243183 0.132745
-0.260941 0.383039
-0.106574 0.330624
-0.162536 -0.118004
0.151388 -0.386626
-0.306074 -0.170706
0.261963 0.261043
0.330123 -0.0678868
-0.46621 0.0689751
-0.0576639 -0.0837437
-0.410085 0.105371
0.0207485 0.00805877
-0.43014 -0.0306721
-0.297508 -0.386397
